00 0a 00 00 00 1b 01 10 00 00 00 0a 14 43 1c 00 00 00 00 00 00 00 00 00 00 00 00 00 00 00 00 00 00 
00 0b 00 00 00 0f 01 10 00 00 00 04 08 43 1c 00 00 00 00 00 00 
00 0c 00 00 00 0b 01 10 00 00 00 02 04 43 1c 00 00 
00 0d 00 00 00 0b 01 10 00 00 00 02 04 43 1c 00 00 
00 0e 00 00 00 0b 01 10 00 00 00 02 04 43 1c 00 00 
00 0f 00 00 00 0b 01 10 00 00 00 02 04 43 1c 00 00 
00 10 00 00 00 0b 01 10 00 00 00 02 04 43 1c 00 00 
00 11 00 00 00 0b 01 10 00 00 00 02 04 41 80 cc cd 
00 15 00 00 00 0b 01 10 00 00 00 02 04 41 41 99 9a 
00 16 00 00 00 0f 01 10 00 00 00 04 08 41 41 99 9a 00 00 00 00 
00 17 00 00 00 0f 01 10 00 00 00 04 08 41 41 99 9a 00 00 00 00 
